1
2
3
4
5
1
2
2
3
4
5
1
3
2
3
4
5
1
4
2
3
4
5
1
5
2
3
4
5
1
6
2
3
4
5
1
7
2
3
4
5
1
8
2
3
4
5
1
9
2
3
4
5
1
10
2
3
4
5
1
11
2
3
4
5
1
12
2
3
4
5
1
13
2
3
4
5
1
14
2
3
4
5
1
15
2
3
4
5
1
16
2
3
4
5
1
17
2
3
4
5
1
18
2
3
4
5
1
19
2
3
4
5
1
20
2
3
4
5
1
21
2
3
4
5
1
22
2
3
4
5
1
23
2
3
4
5
1
24
2
3
4
5
1
25
2
3
4
5
1
26
2
3
4
5
1
27
2
3
4
5
1
28
2
3
4
5
1
29
2
3
4
5
1
30
2
3
4
5
1
31
2
3
4
5
1
32
2
3
4
5
1
33
2
3
4
5
1
34
2
3
4
5
1
35
2
3
4
5
1
36
2
3
4
5
1
37
2
3
4
5
1
38
2
3
4
5
1
39
2
3
4
5
1
40
2
3
4
5
1
41
2
3
4
5
1
42
2
3
4
5
1
43
2
3
4
5
1
44
2
3
4
5
7
